541
405
389
404
767
780
717
779
716
384
520
523
750
749
763
748
756
350
701
341
802
704
393
467
800
349
801
417
974
799
798
410
397
797
521
522
385
968
777
778
967
781
939
782
225
793
792
791
229
234
582
790
182
587
232
265
585
116
600
277
156
421
734
162
155
278
166
115
110
113
117
123
237
168
515
440
420
425
769
770
432
435
426
652
118
114
273
671
666
263
268
267
983
261
789
97
256
95
584
230
233
226
788
787
786
785
126
227
127
87
647
228
644
231
96
668
667
663
259
266
795
274
670
271
552
124
651
275
596
991
120
272
669
794
257
955
674
121
235
650
649
122
598
236
279
153
655
653
988
154
614
167
427
171
163
157
605
611
161
160
159
158
728
422
423
730
424
731
444
868
431
445
439
735
459
441
733
759
419
169
112
866
959
438
867
178
960
456
462
618
498
620
471
472
465
738
463
500
480
504
502
174
497
501
503
753
755
508
505
744
745
483
485
486
491
492
489
747
746
488
487
743
484
481
507
479
506
482
754
499
953
954
617
455
737
452
616
619
179
172
461
176
469
173
1004
976
460
454
451
177
180
752
973
470
175
464
458
443
978
544
125
264
516
446
450
977
448
453
736
457
449
442
517
437
869
729
428
870
434
436
871
447
433
429
727
170
979
165
615
164
613
612
606
648
602
607
608
609
238
610
276
599
601
111
594
597
595
593
270
672
119
673
269
262
260
654
645
586
664
665
258
94
646
643
583
581
128
224
91
85
542
764
414
200
89
783
784
966
86
766
773
776
774
772
775
950
771
390
381
628
980
633
630
205
201
197
206
204
198
722
634
210
725
90
92
208
409
524
803
413
196
203
938
202
804
529
528
536
527
526
383
387
403
629
402
199
407
406
380
401
796
519
379
760
400
721
971
762
537
376
513
718
377
418
510
703
65
511
740
706
66
571
24
71
563
573
476
574
70
28
549
956
548
567
50
52
51
49
43
363
362
698
699
339
340
981
46
572
477
533
713
399
374
539
525
408
631
207
765
93
970
969
540
209
632
181
375
714
396
761
69
67
807
474
741
468
473
806
809
808
73
812
811
965
810
813
189
47
814
357
6
9
44
68
805
45
365
700
697
626
321
148
106
145
108
296
987
105
624
104
678
662
253
837
252
984
250
657
289
219
641
142
640
299
292
309
248
61
945
836
832
15
546
833
345
355
547
17
19
826
579
306
1001
827
994
57
59
828
570
60
21
1003
370
824
683
999
638
592
150
152
590
294
825
249
310
642
143
623
364
358
942
941
878
940
944
943
151
879
4
63
535
724
820
821
823
822
382
877
88
876
875
873
874
715
494
872
386
395
378
739
347
705
64
62
815
816
27
430
818
817
416
742
391
1000
538
411
719
561
726
512
415
819
74
346
562
550
336
710
688
320
194
709
25
998
75
72
509
758
392
478
757
534
972
723
388
195
518
493
496
398
530
495
394
720
412
514
475
76
29
551
565
337
141
192
190
216
36
916
1002
223
144
217
254
371
140
107
300
311
658
255
627
42
369
37
39
559
829
2
831
951
1
830
702
344
986
242
239
214
635
286
693
333
687
849
334
281
187
183
184
186
636
215
185
622
848
675
317
962
961
963
245
244
138
81
80
132
692
694
330
691
305
937
303
554
137
133
577
575
343
102
932
931
918
32
33
589
569
568
54
98
353
368
708
707
367
34
883
588
919
882
11
131
990
82
576
55
881
78
989
604
135
12
681
558
557
130
79
99
354
14
689
862
949
948
342
920
855
858
857
856
861
947
859
863
129
53
864
885
889
929
886
890
915
912
910
909
908
903
904
911
913
902
906
905
907
914
894
897
895
922
900
901
957
958
899
923
896
898
928
927
925
892
887
888
891
926
952
685
865
860
10
854
301
853
103
101
992
280
56
603
553
555
246
329
556
314
316
847
315
282
318
134
690
995
13
77
136
302
304
851
711
366
852
100
679
332
850
680
331
682
285
313
188
695
283
284
686
676
982
287
845
621
846
677
213
211
656
637
212
240
373
985
243
964
356
834
545
838
0
241
839
247
660
835
712
83
659
293
307
290
297
308
291
298
222
221
109
147
322
323
324
338
325
139
220
295
84
41
40
18
840
3
58
335
38
578
560
580
251
372
661
288
684
20
218
146
319
149
191
639
312
591
351
327
361
566
22
993
360
326
193
625
696
359
564
48
31
841
844
30
842
8
5
7
997
26
843
23
348
732
466
975
